% Intrinsic and Extrinsic Camera Parameters
%
% This script file can be directly executed under Matlab to recover the camera intrinsic and extrinsic parameters.
% IMPORTANT: This file contains neither the structure of the calibration objects nor the image coordinates of the calibration points.
%            All those complementary variables are saved in the complete matlab data file Calib_Results.mat.
% For more information regarding the calibration model visit http://www.vision.caltech.edu/bouguetj/calib_doc/


%-- Focal length:
fc = [ 657.485757090080938 ; 657.947247364618079 ];

%-- Principal point:
cc = [ 303.118709759757508 ; 242.434523966713130 ];

%-- Skew coefficient:
alpha_c = 0.000000000000000;

%-- Distortion coefficients:
kc = [ -0.253687684461638 ; 0.122080502999294 ; -0.000253890255568 ; 0.000025209507839 ; 0.000000000000000 ];

%-- Focal length uncertainty:
fc_error = [ 0.328564048980043 ; 0.333825197203487 ];

%-- Principal point uncertainty:
cc_error = [ 0.667550633508615 ; 0.638228529055277 ];

%-- Skew coefficient uncertainty:
alpha_c_error = 0.000000000000000;

%-- Distortion coefficients uncertainty:
kc_error = [ 0.002666706155614 ; 0.010886938826913 ; 0.000140511729593 ; 0.000139030585250 ; 0.000000000000000 ];

%-- Image size:
nx = 640;
ny = 480;


%-- Various other variables (may be ignored if you do not use the Matlab Calibration Toolbox):
%-- Those variables are used to control which intrinsic parameters should be optimized

n_ima = 25;						% Number of calibration images
est_fc = [ 1 ; 1 ];					% Estimation indicator of the two focal variables
est_aspect_ratio = 1;				% Estimation indicator of the aspect ratio fc(2)/fc(1)
center_optim = 1;					% Estimation indicator of the principal point
est_alpha = 0;						% Estimation indicator of the skew coefficient
est_dist = [ 1 ; 1 ; 1 ; 1 ; 0 ];	% Estimation indicator of the distortion coefficients


%-- Extrinsic parameters:
%-- The rotation (omc_kk) and the translation (Tc_kk) vectors for every calibration image and their uncertainties

%-- Image #1:
omc_1 = [ 1.654805e+00 ; 1.651916e+00 ; -6.695394e-01 ];
Tc_1  = [ -1.777492e+02 ; -8.370457e+01 ; 8.532044e+02 ];
omc_error_1 = [ 8.325552e-04 ; 1.032226e-03 ; 1.359582e-03 ];
Tc_error_1  = [ 8.672372e-01 ; 8.358693e-01 ; 4.548335e-01 ];

%-- Image #2:
omc_2 = [ 1.849009e+00 ; 1.900618e+00 ; -3.967683e-01 ];
Tc_2  = [ -1.550900e+02 ; -1.593228e+02 ; 7.577154e+02 ];
omc_error_2 = [ 8.759644e-04 ; 1.036380e-03 ; 1.662933e-03 ];
Tc_error_2  = [ 7.742373e-01 ; 7.408803e-01 ; 4.424221e-01 ];

%-- Image #3:
omc_3 = [ 1.742498e+00 ; 2.077687e+00 ; -5.051113e-01 ];
Tc_3  = [ -1.253015e+02 ; -1.745565e+02 ; 7.756415e+02 ];
omc_error_3 = [ 8.058255e-04 ; 1.098108e-03 ; 1.723517e-03 ];
Tc_error_3  = [ 7.916574e-01 ; 7.582209e-01 ; 4.224244e-01 ];

%-- Image #4:
omc_4 = [ 1.828056e+00 ; 2.116711e+00 ; -1.103116e+00 ];
Tc_4  = [ -6.452153e+01 ; -1.548044e+02 ; 7.792162e+02 ];
omc_error_4 = [ 7.256366e-04 ; 1.131143e-03 ; 1.576702e-03 ];
Tc_error_4  = [ 7.982846e-01 ; 7.567216e-01 ; 3.382374e-01 ];

%-- Image #5:
omc_5 = [ 1.079227e+00 ; 1.922448e+00 ; -2.532873e-01 ];
Tc_5  = [ -9.237675e+01 ; -2.289070e+02 ; 7.369392e+02 ];
omc_error_5 = [ 6.950242e-04 ; 1.037963e-03 ; 1.224787e-03 ];
Tc_error_5  = [ 7.596779e-01 ; 7.219755e-01 ; 4.126334e-01 ];

%-- Image #6:
omc_6 = [ -1.701496e+00 ; -1.929266e+00 ; -7.915445e-01 ];
Tc_6  = [ -1.489394e+02 ; -7.960926e+01 ; 4.448288e+02 ];
omc_error_6 = [ 6.742860e-04 ; 1.051543e-03 ; 1.443415e-03 ];
Tc_error_6  = [ 4.557679e-01 ; 4.463255e-01 ; 3.651758e-01 ];

%-- Image #7:
omc_7 = [ 1.996499e+00 ; 1.931561e+00 ; 1.310718e+00 ];
Tc_7  = [ -8.301742e+01 ; -7.767571e+01 ; 4.402108e+02 ];
omc_error_7 = [ 1.224576e-03 ; 6.621517e-04 ; 1.534678e-03 ];
Tc_error_7  = [ 4.582930e-01 ; 4.367261e-01 ; 3.761891e-01 ];

%-- Image #8:
omc_8 = [ 1.961059e+00 ; 1.824253e+00 ; 1.326523e+00 ];
Tc_8  = [ -1.701703e+02 ; -1.034792e+02 ; 4.620532e+02 ];
omc_error_8 = [ 1.177305e-03 ; 6.789748e-04 ; 1.477327e-03 ];
Tc_error_8  = [ 5.008059e-01 ; 4.748264e-01 ; 4.245500e-01 ];

%-- Image #9:
omc_9 = [ -1.363687e+00 ; -1.980407e+00 ; 3.212985e-01 ];
Tc_9  = [ -1.931709e+00 ; -2.250097e+02 ; 7.285300e+02 ];
omc_error_9 = [ 8.191522e-04 ; 1.046944e-03 ; 1.394232e-03 ];
Tc_error_9  = [ 7.506667e-01 ; 7.109694e-01 ; 4.325119e-01 ];

%-- Image #10:
omc_10 = [ -1.513093e+00 ; -2.086643e+00 ; 1.891020e-01 ];
Tc_10  = [ -2.962176e+01 ; -3.003053e+02 ; 8.601894e+02 ];
omc_error_10 = [ 1.024096e-03 ; 1.229161e-03 ; 1.883531e-03 ];
Tc_error_10  = [ 9.019375e-01 ; 8.449256e-01 ; 5.816607e-01 ];

%-- Image #11:
omc_11 = [ -1.793164e+00 ; -2.065100e+00 ; -4.797904e-01 ];
Tc_11  = [ -1.511047e+02 ; -2.353422e+02 ; 7.047563e+02 ];
omc_error_11 = [ 9.460949e-04 ; 1.160272e-03 ; 2.016926e-03 ];
Tc_error_11  = [ 7.390051e-01 ; 7.245679e-01 ; 5.957384e-01 ];

%-- Image #12:
omc_12 = [ -1.838944e+00 ; -2.087401e+00 ; -5.155278e-01 ];
Tc_12  = [ -1.335323e+02 ; -1.771944e+02 ; 6.049284e+02 ];
omc_error_12 = [ 7.995053e-04 ; 1.099688e-03 ; 1.839208e-03 ];
Tc_error_12  = [ 6.296019e-01 ; 6.123251e-01 ; 4.964025e-01 ];

%-- Image #13:
omc_13 = [ -1.918864e+00 ; -2.116690e+00 ; -5.942696e-01 ];
Tc_13  = [ -1.327375e+02 ; -1.435382e+02 ; 5.447751e+02 ];
omc_error_13 = [ 7.438951e-04 ; 1.082840e-03 ; 1.795321e-03 ];
Tc_error_13  = [ 5.655946e-01 ; 5.480171e-01 ; 4.482270e-01 ];

%-- Image #14:
omc_14 = [ -1.954261e+00 ; -2.124727e+00 ; -5.847043e-01 ];
Tc_14  = [ -1.236376e+02 ; -1.371139e+02 ; 4.908230e+02 ];
omc_error_14 = [ 6.974844e-04 ; 1.057509e-03 ; 1.750076e-03 ];
Tc_error_14  = [ 5.103775e-01 ; 4.932141e-01 ; 4.007404e-01 ];

%-- Image #15:
omc_15 = [ -2.110692e+00 ; -2.253880e+00 ; -4.953524e-01 ];
Tc_15  = [ -1.991922e+02 ; -1.344718e+02 ; 4.749772e+02 ];
omc_error_15 = [ 8.112093e-04 ; 1.005027e-03 ; 1.920873e-03 ];
Tc_error_15  = [ 5.008458e-01 ; 4.889768e-01 ; 4.296093e-01 ];

%-- Image #16:
omc_16 = [ 1.886824e+00 ; 2.336042e+00 ; -1.736679e-01 ];
Tc_16  = [ -1.599125e+01 ; -1.702597e+02 ; 6.956952e+02 ];
omc_error_16 = [ 1.112259e-03 ; 1.158799e-03 ; 2.436845e-03 ];
Tc_error_16  = [ 7.121272e-01 ; 6.750565e-01 ; 4.975913e-01 ];

%-- Image #17:
omc_17 = [ -1.612720e+00 ; -1.953403e+00 ; -3.474823e-01 ];
Tc_17  = [ -1.352609e+02 ; -1.388998e+02 ; 4.900494e+02 ];
omc_error_17 = [ 6.750227e-04 ; 9.981389e-04 ; 1.440946e-03 ];
Tc_error_17  = [ 5.032164e-01 ; 4.890352e-01 ; 3.538340e-01 ];

%-- Image #18:
omc_18 = [ -1.342048e+00 ; -1.693341e+00 ; -2.974220e-01 ];
Tc_18  = [ -1.854008e+02 ; -1.576446e+02 ; 4.415885e+02 ];
omc_error_18 = [ 7.676314e-04 ; 9.557441e-04 ; 1.130465e-03 ];
Tc_error_18  = [ 4.575069e-01 ; 4.460093e-01 ; 3.377286e-01 ];

%-- Image #19:
omc_19 = [ -1.925799e+00 ; -1.838219e+00 ; -1.440439e+00 ];
Tc_19  = [ -1.066147e+02 ; -7.953424e+01 ; 3.341474e+02 ];
omc_error_19 = [ 6.665198e-04 ; 1.148930e-03 ; 1.449218e-03 ];
Tc_error_19  = [ 3.555176e-01 ; 3.409949e-01 ; 3.122984e-01 ];

%-- Image #20:
omc_20 = [ 1.895881e+00 ; 1.593251e+00 ; 1.471732e+00 ];
Tc_20  = [ -1.439449e+02 ; -8.792349e+01 ; 3.964228e+02 ];
omc_error_20 = [ 1.187950e-03 ; 6.880494e-04 ; 1.331586e-03 ];
Tc_error_20  = [ 4.336562e-01 ; 4.068081e-01 ; 3.743347e-01 ];

%-- Image #21:
omc_21 = [ 1.930139e+00 ; 1.667558e+00 ; 1.441883e+00 ];
Tc_21  = [ -8.338346e+01 ; -8.478666e+01 ; 4.062239e+02 ];
omc_error_21 = [ 1.211660e-03 ; 7.059396e-04 ; 1.379027e-03 ];
Tc_error_21  = [ 4.288018e-01 ; 4.053098e-01 ; 3.620834e-01 ];

%-- Image #22:
omc_22 = [ 2.106099e+00 ; 1.697818e+00 ; 7.001203e-01 ];
Tc_22  = [ -2.011826e+02 ; -1.444840e+02 ; 5.426354e+02 ];
omc_error_22 = [ 1.039818e-03 ; 7.503116e-04 ; 1.660344e-03 ];
Tc_error_22  = [ 5.893203e-01 ; 5.459889e-01 ; 4.827677e-01 ];

%-- Image #23:
omc_23 = [ -1.363794e+00 ; -1.714582e+00 ; -1.445365e-01 ];
Tc_23  = [ -1.631956e+02 ; -1.919104e+02 ; 5.845686e+02 ];
omc_error_23 = [ 7.990642e-04 ; 9.569458e-04 ; 1.191604e-03 ];
Tc_error_23  = [ 6.053925e-01 ; 5.809373e-01 ; 4.011359e-01 ];

%-- Image #24:
