% Intrinsic and Extrinsic Camera Parameters
%
% This script file can be directly executed under Matlab to recover the camera intrinsic and extrinsic parameters.
% IMPORTANT: This file contains neither the structure of the calibration objects nor the image coordinates of the calibration points.
%            All those complementary variables are saved in the complete matlab data file Calib_Results.mat.
% For more information regarding the calibration model visit http://www.vision.caltech.edu/bouguetj/calib_doc/


%-- Focal length:
fc = [ 657.492722049999657 ; 657.944446234917109 ];

%-- Principal point:
cc = [ 302.824945890821027 ; 242.276975193946981 ];

%-- Skew coefficient:
alpha_c = 0.000461273128070;

%-- Distortion coefficients:
kc = [ -0.253770844797743 ; 0.121833288717546 ; -0.000267398634106 ; 0.000055315468389 ; -0.000000000000000 ];

%-- Focal length uncertainty:
fc_error = [ 0.327789418637806 ; 0.332987103292994 ];

%-- Principal point uncertainty:
cc_error = [ 0.680350982938350 ; 0.640997375635788 ];

%-- Skew coefficient uncertainty:
alpha_c_error = 0.000219126403172;

%-- Distortion coefficients uncertainty:
kc_error = [ 0.002659640152586 ; 0.010855709449522 ; 0.000140210783212 ; 0.000139345056839 ; 0.000000000000000 ];

%-- Image size:
nx = 640;
ny = 480;


%-- Various other variables (may be ignored if you do not use the Matlab Calibration Toolbox):
%-- Those variables are used to control which intrinsic parameters should be optimized

n_ima = 25;						% Number of calibration images
est_fc = [ 1 ; 1 ];					% Estimation indicator of the two focal variables
est_aspect_ratio = 1;				% Estimation indicator of the aspect ratio fc(2)/fc(1)
center_optim = 1;					% Estimation indicator of the principal point
est_alpha = 1;						% Estimation indicator of the skew coefficient
est_dist = [ 1 ; 1 ; 1 ; 1 ; 0 ];	% Estimation indicator of the distortion coefficients


%-- Extrinsic parameters:
%-- The rotation (omc_kk) and the translation (Tc_kk) vectors for every calibration image and their uncertainties

%-- Image #1:
omc_1 = [ 1.654648e+00 ; 1.652383e+00 ; -6.704036e-01 ];
Tc_1  = [ -1.773541e+02 ; -8.350293e+01 ; 8.534219e+02 ];
omc_error_1 = [ 8.337986e-04 ; 1.053694e-03 ; 1.416815e-03 ];
Tc_error_1  = [ 8.854094e-01 ; 8.394177e-01 ; 4.651573e-01 ];

%-- Image #2:
omc_2 = [ 1.849064e+00 ; 1.901321e+00 ; -3.977485e-01 ];
Tc_2  = [ -1.547131e+02 ; -1.591652e+02 ; 7.579622e+02 ];
omc_error_2 = [ 8.743737e-04 ; 1.086793e-03 ; 1.723181e-03 ];
Tc_error_2  = [ 7.930184e-01 ; 7.429885e-01 ; 4.564598e-01 ];

%-- Image #3:
omc_3 = [ 1.742488e+00 ; 2.078367e+00 ; -5.061729e-01 ];
Tc_3  = [ -1.249054e+02 ; -1.743893e+02 ; 7.758531e+02 ];
omc_error_3 = [ 8.039681e-04 ; 1.142464e-03 ; 1.791814e-03 ];
Tc_error_3  = [ 8.119797e-01 ; 7.606352e-01 ; 4.330067e-01 ];

%-- Image #4:
omc_4 = [ 1.827568e+00 ; 2.116877e+00 ; -1.104422e+00 ];
Tc_4  = [ -6.409460e+01 ; -1.546005e+02 ; 7.792918e+02 ];
omc_error_4 = [ 7.599489e-04 ; 1.131502e-03 ; 1.690049e-03 ];
Tc_error_4  = [ 8.217684e-01 ; 7.610591e-01 ; 3.390858e-01 ];

%-- Image #5:
omc_5 = [ 1.079000e+00 ; 1.923150e+00 ; -2.535373e-01 ];
Tc_5  = [ -9.196781e+01 ; -2.287802e+02 ; 7.371364e+02 ];
omc_error_5 = [ 7.016948e-04 ; 1.088037e-03 ; 1.227399e-03 ];
Tc_error_5  = [ 7.824731e-01 ; 7.228255e-01 ; 4.220494e-01 ];

%-- Image #6:
omc_6 = [ -1.701602e+00 ; -1.929443e+00 ; -7.913693e-01 ];
Tc_6  = [ -1.486963e+02 ; -7.950168e+01 ; 4.448276e+02 ];
omc_error_6 = [ 6.741088e-04 ; 1.052679e-03 ; 1.441808e-03 ];
Tc_error_6  = [ 4.690644e-01 ; 4.480808e-01 ; 3.641204e-01 ];

%-- Image #7:
omc_7 = [ 1.996531e+00 ; 1.931961e+00 ; 1.310659e+00 ];
Tc_7  = [ -8.276355e+01 ; -7.755052e+01 ; 4.400800e+02 ];
omc_error_7 = [ 1.221900e-03 ; 6.869787e-04 ; 1.530506e-03 ];
Tc_error_7  = [ 4.726316e-01 ; 4.395109e-01 ; 3.801287e-01 ];

%-- Image #8:
omc_8 = [ 1.961067e+00 ; 1.824712e+00 ; 1.326548e+00 ];
Tc_8  = [ -1.698623e+02 ; -1.033375e+02 ; 4.619300e+02 ];
omc_error_8 = [ 1.174711e-03 ; 7.111148e-04 ; 1.473108e-03 ];
Tc_error_8  = [ 5.203501e-01 ; 4.782096e-01 ; 4.272317e-01 ];

%-- Image #9:
omc_9 = [ -1.363550e+00 ; -1.980619e+00 ; 3.224103e-01 ];
Tc_9  = [ -1.489341e+00 ; -2.248740e+02 ; 7.287747e+02 ];
omc_error_9 = [ 8.200368e-04 ; 1.049416e-03 ; 1.487861e-03 ];
Tc_error_9  = [ 7.779779e-01 ; 7.123104e-01 ; 4.468402e-01 ];

%-- Image #10:
omc_10 = [ -1.513066e+00 ; -2.087045e+00 ; 1.904378e-01 ];
Tc_10  = [ -2.908834e+01 ; -3.001591e+02 ; 8.604943e+02 ];
omc_error_10 = [ 1.022262e-03 ; 1.241672e-03 ; 1.984084e-03 ];
Tc_error_10  = [ 9.350215e-01 ; 8.458796e-01 ; 5.979727e-01 ];

%-- Image #11:
omc_11 = [ -1.793393e+00 ; -2.065514e+00 ; -4.798322e-01 ];
Tc_11  = [ -1.506830e+02 ; -2.351812e+02 ; 7.047900e+02 ];
omc_error_11 = [ 9.497809e-04 ; 1.174630e-03 ; 2.012211e-03 ];
Tc_error_11  = [ 7.639323e-01 ; 7.267620e-01 ; 5.944572e-01 ];

%-- Image #12:
omc_12 = [ -1.839048e+00 ; -2.087729e+00 ; -5.156508e-01 ];
Tc_12  = [ -1.331770e+02 ; -1.770466e+02 ; 6.048910e+02 ];
omc_error_12 = [ 7.986050e-04 ; 1.108421e-03 ; 1.835075e-03 ];
Tc_error_12  = [ 6.502849e-01 ; 6.147170e-01 ; 4.953457e-01 ];

%-- Image #13:
omc_13 = [ -1.918839e+00 ; -2.116927e+00 ; -5.944818e-01 ];
Tc_13  = [ -1.324154e+02 ; -1.433965e+02 ; 5.446762e+02 ];
omc_error_13 = [ 7.415263e-04 ; 1.086371e-03 ; 1.792781e-03 ];
Tc_error_13  = [ 5.844527e-01 ; 5.506164e-01 ; 4.493245e-01 ];

%-- Image #14:
omc_14 = [ -1.954187e+00 ; -2.124932e+00 ; -5.849254e-01 ];
Tc_14  = [ -1.233445e+02 ; -1.369847e+02 ; 4.907145e+02 ];
omc_error_14 = [ 6.960780e-04 ; 1.059749e-03 ; 1.747964e-03 ];
Tc_error_14  = [ 5.276706e-01 ; 4.956304e-01 ; 4.027970e-01 ];

%-- Image #15:
omc_15 = [ -2.110534e+00 ; -2.254161e+00 ; -4.957544e-01 ];
Tc_15  = [ -1.988920e+02 ; -1.343580e+02 ; 4.748643e+02 ];
omc_error_15 = [ 8.118639e-04 ; 1.011836e-03 ; 1.924355e-03 ];
Tc_error_15  = [ 5.194232e-01 ; 4.905665e-01 ; 4.315886e-01 ];

%-- Image #16:
omc_16 = [ 1.887115e+00 ; 2.336881e+00 ; -1.737361e-01 ];
Tc_16  = [ -1.565192e+01 ; -1.701201e+02 ; 6.957111e+02 ];
omc_error_16 = [ 1.118944e-03 ; 1.222720e-03 ; 2.433050e-03 ];
Tc_error_16  = [ 7.284151e-01 ; 6.766184e-01 ; 4.966731e-01 ];

%-- Image #17:
omc_17 = [ -1.612886e+00 ; -1.953721e+00 ; -3.471071e-01 ];
Tc_17  = [ -1.349969e+02 ; -1.388068e+02 ; 4.901710e+02 ];
omc_error_17 = [ 6.778161e-04 ; 1.007452e-03 ; 1.448385e-03 ];
Tc_error_17  = [ 5.175163e-01 ; 4.898748e-01 ; 3.575996e-01 ];

%-- Image #18:
omc_18 = [ -1.342181e+00 ; -1.693404e+00 ; -2.968604e-01 ];
Tc_18  = [ -1.851717e+02 ; -1.575740e+02 ; 4.417864e+02 ];
omc_error_18 = [ 7.682385e-04 ; 9.540497e-04 ; 1.158637e-03 ];
Tc_error_18  = [ 4.693638e-01 ; 4.462861e-01 ; 3.496489e-01 ];

%-- Image #19:
omc_19 = [ -1.925676e+00 ; -1.838314e+00 ; -1.440114e+00 ];
Tc_19  = [ -1.063981e+02 ; -7.943042e+01 ; 3.340551e+02 ];
omc_error_19 = [ 6.668658e-04 ; 1.147263e-03 ; 1.453271e-03 ];
Tc_error_19  = [ 3.691341e-01 ; 3.435615e-01 ; 3.143826e-01 ];

%-- Image #20:
omc_20 = [ 1.895976e+00 ; 1.593838e+00 ; 1.471659e+00 ];
Tc_20  = [ -1.436865e+02 ; -8.780421e+01 ; 3.963385e+02 ];
omc_error_20 = [ 1.186207e-03 ; 7.405606e-04 ; 1.328325e-03 ];
Tc_error_20  = [ 4.495089e-01 ; 4.095908e-01 ; 3.753318e-01 ];

%-- Image #21:
omc_21 = [ 1.930248e+00 ; 1.668111e+00 ; 1.441779e+00 ];
Tc_21  = [ -8.314166e+01 ; -8.466798e+01 ; 4.061285e+02 ];
omc_error_21 = [ 1.210090e-03 ; 7.512846e-04 ; 1.376044e-03 ];
Tc_error_21  = [ 4.427549e-01 ; 4.080780e-01 ; 3.638171e-01 ];

%-- Image #22:
omc_22 = [ 2.106273e+00 ; 1.698552e+00 ; 7.002878e-01 ];
Tc_22  = [ -2.008611e+02 ; -1.443448e+02 ; 5.426312e+02 ];
omc_error_22 = [ 1.040880e-03 ; 8.253983e-04 ; 1.657676e-03 ];
Tc_error_22  = [ 6.073213e-01 ; 5.485663e-01 ; 4.813665e-01 ];

%-- Image #23:
omc_23 = [ -1.363900e+00 ; -1.714688e+00 ; -1.438788e-01 ];
Tc_23  = [ -1.628816e+02 ; -1.918180e+02 ; 5.848179e+02 ];
omc_error_23 = [ 7.986657e-04 ; 9.561307e-04 ; 1.228973e-03 ];
Tc_error_23  = [ 6.222789e-01 ; 5.813203e-01 ; 4.172089e-01 ];

%-- Image #24:
